Op Name,Op Type,Task Duration(us),Block Dim,Mix Block Dim,Device Id,Pid,Current Freq,Rated Freq,
layer_norm_kernel,vector,13.220000,1,NA,0,1132316,1650,1650,
